0 0.433583984375 0.46440755208333334 0.0368603515625 0.026783854166666666
0 0.5386669921875 0.4132291666666667 0.0669580078125 0.0411328125
0 0.3666943359375 0.5320833333333334 0.03365234375 0.031087239583333332
0 0.289765625 0.62654296875 0.0390576171875 0.04686848958333333
0 0.0467236328125 0.6232942708333333 0.046533203125 0.04121744791666667
0 0.1584814453125 0.7006510416666667 0.0299267578125 0.02389322916666667
0 0.0318408203125 0.7977083333333334 0.027529296875 0.01776692708333333
0 0.10107421875 0.7799348958333333 0.0330908203125 0.0211328125
0 0.7535693359375 0.9333593750000001 0.051171875 0.0328515625
0 0.889765625 0.10680989583333333 0.0705322265625 0.04572916666666666
0 0.9552001953125 0.87826171875 0.047900390625 0.03478515625