0 0.1218505859375 0.14277343750000002 0.04201171875 0.04563802083333333
0 0.46296875 0.06888671875 0.04818359375 0.035208333333333335
0 0.727333984375 0.05150390625 0.0312353515625 0.02303385416666667
0 0.8989453125 0.22253255208333333 0.045224609375 0.03563802083333333
0 0.937998046875 0.4598893229166667 0.0473291015625 0.032942708333333334
0 0.2505126953125 0.51642578125 0.0366650390625 0.03828776041666667
0 0.0905859375 0.24975260416666667 0.0226611328125 0.0213671875
0 0.4016650390625 0.30638020833333335 0.048056640625 0.03649088541666667
0 0.385009765625 0.7084440104166667 0.03498046875 0.03676432291666667
0 0.09009765625 0.8753645833333333 0.0338671875 0.02384765625
0 0.7779052734375 0.8937499999999999 0.048740234375 0.03477864583333334
0 0.688310546875 0.5158854166666667 0.043623046875 0.028548177083333334