1 0.13811458333333335 0.4325185185185185 0.0439375 0.09096296296296295
1 0.03200520833333333 0.6888055555555556 0.03744270833333333 0.07112962962962963
1 0.011432291666666667 0.8740185185185185 0.02234375 0.07118518518518518
1 0.041380208333333335 0.9809814814814816 0.024942708333333334 0.03510185185185185
1 0.086296875 0.9504074074074075 0.033651041666666666 0.0445462962962963
1 0.06272916666666667 0.9494907407407408 0.025979166666666668 0.046203703703703705
1 0.5503177083333333 0.4075185185185185 0.050640625 0.09651851851851852
1 0.5803958333333333 0.7983148148148148 0.0300625 0.04476851851851852
1 0.6216666666666666 0.8508703703703704 0.026671875 0.043398148148148144
1 0.4559270833333333 0.8853611111111112 0.020708333333333332 0.033685185185185186
1 0.38822395833333334 0.9082777777777779 0.02071875 0.028601851851851854
1 0.4449895833333333 0.981712962962963 0.030083333333333333 0.03657407407407407
1 0.5162083333333334 0.9832962962962963 0.029291666666666667 0.03047222222222222
1 0.4371770833333333 0.9270370370370371 0.024880208333333334 0.024435185185185185
1 0.5336562499999999 0.9258796296296297 0.027723958333333333 0.04526851851851852
1 0.6359895833333333 0.3996388888888889 0.050104166666666665 0.05299074074074074
1 0.6422395833333333 0.4894722222222222 0.04177083333333333 0.047453703703703706
1 0.7099427083333333 0.5265092592592593 0.04176041666666667 0.06599074074074074
1 0.7667083333333333 0.3343611111111111 0.051125 0.07982407407407408
1 0.7954791666666666 0.47325925925925927 0.04356770833333334 0.04282407407407408
1 0.887140625 0.5390185185185185 0.039385416666666666 0.06321296296296296
1 0.8618802083333333 0.7149629629629629 0.035744791666666664 0.06326851851851852
1 0.9260677083333333 0.6705185185185185 0.036515625 0.048435185185185185
1 0.7803802083333333 0.9038796296296296 0.023781249999999997 0.033694444444444444
1 0.800171875 0.92425 0.01996875 0.03668518518518518
1 0.9311458333333333 0.7712222222222221 0.028442708333333334 0.05078703703703704
1 0.894953125 0.8758703703703704 0.023760416666666666 0.03785185185185185
1 0.9043281249999999 0.9476388888888889 0.03209375 0.042499999999999996
1 0.9707291666666666 0.9193981481481482 0.024270833333333335 0.05082407407407408