1 0.12196875 0.11418518518518518 0.09497916666666667 0.1163425925925926
1 0.14254166666666668 0.2871296296296296 0.06841145833333333 0.0779537037037037
1 0.27729166666666666 0.2868981481481482 0.06969270833333334 0.06360185185185185
1 0.3710364583333333 0.3778796296296296 0.038427083333333334 0.05575925925925926
1 0.44069270833333335 0.42071296296296296 0.04492708333333333 0.06272222222222222
1 0.48925520833333336 0.4112222222222222 0.045703125 0.06687962962962964
1 0.5401666666666666 0.4475648148148148 0.03553645833333333 0.07939814814814815
1 0.5604739583333332 0.5404074074074074 0.03449479166666667 0.05673148148148149
1 0.6467968749999999 0.6181944444444444 0.032656250000000005 0.045648148148148146
1 0.69965625 0.6001388888888889 0.03941666666666667 0.055824074074074075
1 0.7668385416666667 0.5422592592592592 0.038364583333333334 0.04191666666666667
1 0.7875416666666666 0.5795277777777778 0.042625 0.03632407407407407
1 0.864875 0.5297592592592593 0.05475 0.08173148148148147
1 0.8979479166666666 0.5894814814814815 0.0219375 0.043787037037037034
1 0.8672187499999999 0.6239814814814815 0.033401041666666666 0.05259259259259259
1 0.8564166666666666 0.6492129629629629 0.030015625 0.04287962962962963
1 0.8669583333333333 0.6932037037037037 0.017255208333333334 0.029