1 0.05283333333333333 0.034083333333333334 0.04785416666666666 0.057972222222222224
1 0.11780208333333334 0.07783333333333334 0.0658125 0.04825925925925926
1 0.163890625 0.06556481481481481 0.04861979166666666 0.0653888888888889
1 0.294609375 0.08269444444444445 0.060057291666666665 0.07187962962962963
1 0.30111979166666664 0.14821296296296296 0.036619791666666665 0.04087037037037037
1 0.29148437499999996 0.17762037037037037 0.053807291666666666 0.04875
1 0.39772916666666663 0.2306388888888889 0.037125 0.0390462962962963
1 0.38288541666666664 0.2611944444444444 0.033479166666666664 0.04461111111111111
1 0.486390625 0.29337962962962966 0.034765625 0.03952777777777777
1 0.5099583333333333 0.35101851851851856 0.027208333333333334 0.03908333333333333
1 0.6074791666666666 0.39662962962962967 0.032140625 0.033074074074074075
1 0.7384531249999999 0.4325185185185185 0.028473958333333334 0.035398148148148144
1 0.6467968749999999 0.3521851851851852 0.032656250000000005 0.05528703703703704
1 0.7111145833333333 0.3480092592592593 0.0415 0.03769444444444445
1 0.6919739583333333 0.3896851851851852 0.031864583333333335 0.04696296296296296
1 0.7404062499999999 0.48692592592592593 0.024567708333333334 0.037731481481481484
1 0.858890625 0.47117592592592594 0.027151041666666667 0.043287037037037034
1 0.87190625 0.5302129629629629 0.021942708333333335 0.036361111111111115
1 0.7780364583333333 0.5533703703703704 0.013885416666666667 0.027101851851851853
1 0.9502864583333334 0.552675925925926 0.017239583333333332 0.021083333333333332
1 0.9844010416666666 0.5711944444444444 0.017755208333333335 0.021092592592592593
1 0.9683854166666667 0.6399537037037036 0.014375 0.024351851851851854
1 0.9725520833333333 0.7043148148148148 0.012291666666666668 0.014185185185185186
1 0.990390625 0.7022314814814814 0.014109375 0.033166666666666664
1 0.97671875 0.7353425925925926 0.020619791666666668 0.029935185185185183
1 0.9940364583333333 0.7601111111111111 0.010984375 0.028555555555555556
1 0.9678645833333334 0.6617129629629629 0.013333333333333334 0.021583333333333333